zone.home:
  latitude: 45.607314
  longitude: -73.539902
